30.00 0.9983 0.9900 0.9976
31.00 0.9982 0.9895 0.9975
32.00 0.9982 0.9890 0.9974
33.00 0.9983 0.9887 0.9974
34.00 0.9983 0.9884 0.9974
35.00 0.9983 0.9883 0.9973
36.00 0.9983 0.9882 0.9973
37.00 0.9983 0.9881 0.9973
38.00 0.9983 0.9881 0.9972
39.00 0.9983 0.9881 0.9972
40.00 0.9983 0.9880 0.9971
41.00 0.9982 0.9878 0.9970
42.00 0.9981 0.9875 0.9969
43.00 0.9980 0.9871 0.9967
44.00 0.9979 0.9866 0.9964
45.00 0.9978 0.9860 0.9961
46.00 0.9976 0.9852 0.9958
47.00 0.9973 0.9843 0.9954
48.00 0.9971 0.9833 0.9949
49.00 0.9968 0.9822 0.9943
50.00 0.9964 0.9810 0.9937
51.00 0.9961 0.9798 0.9930
52.00 0.9956 0.9786 0.9922
53.00 0.9952 0.9774 0.9914
54.00 0.9947 0.9762 0.9905
55.00 0.9943 0.9750 0.9896
56.00 0.9937 0.9739 0.9886
57.00 0.9932 0.9728 0.9876
58.00 0.9927 0.9717 0.9865
59.00 0.9921 0.9707 0.9854
60.00 0.9916 0.9697 0.9842
61.00 0.9910 0.9688 0.9831
62.00 0.9904 0.9677 0.9819
63.00 0.9898 0.9667 0.9806
64.00 0.9892 0.9655 0.9792
65.00 0.9885 0.9641 0.9778
66.00 0.9878 0.9625 0.9762
67.00 0.9870 0.9606 0.9745
68.00 0.9862 0.9584 0.9726
69.00 0.9852 0.9558 0.9705
70.00 0.9840 0.9526 0.9681
71.00 0.9827 0.9488 0.9653
72.00 0.9812 0.9442 0.9622
73.00 0.9795 0.9388 0.9585
74.00 0.9774 0.9324 0.9543
75.00 0.9750 0.9250 0.9495
76.00 0.9723 0.9163 0.9440
77.00 0.9691 0.9063 0.9377
78.00 0.9654 0.8951 0.9306
79.00 0.9611 0.8826 0.9227
80.00 0.9563 0.8688 0.9140
81.00 0.9507 0.8539 0.9044
82.00 0.9445 0.8384 0.8940
83.00 0.9376 0.8226 0.8829
84.00 0.9299 0.8072 0.8713
85.00 0.9214 0.7929 0.8594
86.00 0.9123 0.7810 0.8474
87.00 0.9027 0.7726 0.8360
88.00 0.8929 0.7691 0.8254
89.00 0.8831 0.7691 0.8165
90.00 0.8741 0.7691 0.8111
91.00 0.8665 0.7691 0.8081
92.00 0.8615 0.7691 0.8061
93.00 0.8608 0.7691 0.8058
94.00 0.8608 0.7691 0.8058
95.00 0.0000 0.0000 0.0000
